07 10 11 32 36 44 
07 15 23 31 43 54 
02 21 26 30 42 53 
14 20 26 35 47 54 
02 14 21 24 28 26 
10 22 23 25 33 37 
05 19 29 36 45 53 
07 12 17 24 36 60 
17 20 24 51 53 59 
19 23 26 31 33 60 
02 03 07 32 49 59 
18 23 35 37 53 58 
17 18 20 24 30 52 
07 09 22 32 33 50 
07 11 24 28 49 55 
08 10 25 26 29 53 
19 38 42 43 48 52 
06 11 12 28 29 47 
01 02 09 22 30 58 
12 17 19 30 40 47 
05 06 14 16 22 40 
18 32 38 39 46 55 
04 08 13 24 36 59 
07 09 22 35 43 48 
05 16 29 31 36 43 
03 09 11 15 41 57 
18 25 28 35 55 56 
13 22 30 36 47 49 
23 38 42 45 56 58 
04 05 08 42 47 57 
11 22 31 46 47 54 
15 19 34 48 56 57 
08 17 22 23 39 42 
08 10 21 23 42 49 
13 18 21 32 51 59 
06 07 11 19 24 49 
17 21 25 28 34 43 
14 27 39 52 55 56 
26 33 34 38 40 58 
16 25 45 48 51 52 
02 07 28 36 42 56 
23 25 28 33 44 46 
13 17 28 29 46 50 
06 08 22 30 42 50 